Normalizing Features ...
X_norm =

  1.3001e-001  3.0000e+000
  -5.0419e-001  3.0000e+000
  5.0248e-001  3.0000e+000
  -7.3572e-001  2.0000e+000
  1.2575e+000  4.0000e+000
  -1.9732e-002  4.0000e+000
  -5.8724e-001  3.0000e+000
  -7.2188e-001  3.0000e+000
  -7.8102e-001  3.0000e+000
  -6.3757e-001  3.0000e+000
  -7.6357e-002  4.0000e+000
  -8.5674e-004  3.0000e+000
  -1.3927e-001  3.0000e+000
  3.1173e+000  5.0000e+000
  -9.2196e-001  3.0000e+000
  3.7664e-001  4.0000e+000
  -8.5652e-001  2.0000e+000
  -9.6222e-001  3.0000e+000
  7.6547e-001  4.0000e+000
  1.2965e+000  4.0000e+000
  -2.9405e-001  3.0000e+000
  -1.4179e-001  2.0000e+000
  -4.9916e-001  3.0000e+000
  -4.8673e-002  4.0000e+000
  2.3774e+000  3.0000e+000
  -1.1334e+000  3.0000e+000
  -6.8287e-001  3.0000e+000
  6.6103e-001  3.0000e+000
  2.5081e-001  3.0000e+000
  8.0070e-001  3.0000e+000
  -2.0345e-001  2.0000e+000
  -1.2592e+000  1.0000e+000
  4.9477e-002  4.0000e+000
  1.4299e+000  3.0000e+000
  -2.3868e-001  4.0000e+000
  -7.0930e-001  3.0000e+000
  -9.5845e-001  3.0000e+000
  1.6524e-001  4.0000e+000
  2.7864e+000  4.0000e+000
  2.0299e-001  4.0000e+000
  -4.2366e-001  2.0000e+000
  2.9863e-001  3.0000e+000
  7.1262e-001  4.0000e+000
  -1.0075e+000  3.0000e+000
  -1.4454e+000  2.0000e+000
  -1.8709e-001  4.0000e+000
  -1.0037e+000  3.0000e+000

X_norm =

  1.3001e-001  -2.2368e-001
  -5.0419e-001  -2.2368e-001
  5.0248e-001  -2.2368e-001
  -7.3572e-001  -1.5378e+000
  1.2575e+000  1.0904e+000
  -1.9732e-002  1.0904e+000
  -5.8724e-001  -2.2368e-001
  -7.2188e-001  -2.2368e-001
  -7.8102e-001  -2.2368e-001
  -6.3757e-001  -2.2368e-001
  -7.6357e-002  1.0904e+000
  -8.5674e-004  -2.2368e-001
  -1.3927e-001  -2.2368e-001
  3.1173e+000  2.4045e+000
  -9.2196e-001  -2.2368e-001
  3.7664e-001  1.0904e+000
  -8.5652e-001  -1.5378e+000
  -9.6222e-001  -2.2368e-001
  7.6547e-001  1.0904e+000
  1.2965e+000  1.0904e+000
  -2.9405e-001  -2.2368e-001
  -1.4179e-001  -1.5378e+000
  -4.9916e-001  -2.2368e-001
  -4.8673e-002  1.0904e+000
  2.3774e+000  -2.2368e-001
  -1.1334e+000  -2.2368e-001
  -6.8287e-001  -2.2368e-001
  6.6103e-001  -2.2368e-001
  2.5081e-001  -2.2368e-001
  8.0070e-001  -2.2368e-001
  -2.0345e-001  -1.5378e+000
  -1.2592e+000  -2.8519e+000
  4.9477e-002  1.0904e+000
  1.4299e+000  -2.2368e-001
  -2.3868e-001  1.0904e+000
  -7.0930e-001  -2.2368e-001
  -9.5845e-001  -2.2368e-001
  1.6524e-001  1.0904e+000
  2.7864e+000  1.0904e+000
  2.0299e-001  1.0904e+000
  -4.2366e-001  -1.5378e+000
  2.9863e-001  -2.2368e-001
  7.1262e-001  1.0904e+000
  -1.0075e+000  -2.2368e-001
  -1.4454e+000  -1.5378e+000
  -1.8709e-001  1.0904e+000
  -1.0037e+000  -2.2368e-001

Running gradient descent ...
Theta computed from gradient descent: 
 0.000000 
 0.000000 
 0.000000 

Predicted price of a 1650 sq-ft, 3 br house (using gradient descent):
 $0.000000
Program paused. Press enter to continue.
